#include <bits/stdc++.h>
using namespace std;

const int N=1000005;
const int M=5005;
int A,B,C;
int ans,sum[N];
int biao[M][M];

int solve(int x)
{
	int ans=1;
	for(int i=2,s;i*i<=x;i++)
	    if(x%i==0)
	    {
	    	s=0;
	    	while(x%i==0)s++,x/=i;
	    	ans*=(s+1);
	    }
	if(x>1)ans*=2;
	return ans;
}

int main()
{biao[5000][5000]=1285403690;
biao[5000][4999]=1284910394;
biao[4999][5000]=1284910394;
biao[5000][4998]=1284823643;
biao[4999][4999]=1284417161;
biao[4998][5000]=1284823643;
biao[5000][4997]=1284203504;
biao[4999][4998]=1284330450;
biao[4998][4999]=1284330450;
biao[4997][5000]=1284203504;
biao[5000][4996]=1284033127;
biao[4999][4997]=1283710611;
biao[4998][4998]=1284243742;
biao[4997][4999]=1283710611;
biao[4996][5000]=1284033127;
biao[5000][4995]=1283852729;
biao[4999][4996]=1283540314;
biao[4998][4997]=1283623951;
biao[4997][4998]=1283623951;
biao[4996][4999]=1283540314;
biao[4995][5000]=1283852729;
biao[5000][4994]=1283358942;
biao[4999][4995]=1283359976;
biao[4998][4996]=1283453662;
biao[4997][4997]=1283004295;
biao[4996][4998]=1283453662;
biao[4995][4999]=1283359976;
biao[4994][5000]=1283358942;
biao[5000][4993]=1283100861;
biao[4999][4994]=1282866381;
biao[4998][4995]=1283273336;
biao[4997][4996]=1282834102;
biao[4996][4997]=1282834102;
biao[4995][4998]=1283273336;
biao[4994][4999]=1282866381;
biao[4993][5000]=1283100861;
biao[5000][4992]=1283014110;
biao[4999][4993]=1282608400;
biao[4998][4994]=1282779773;
biao[4997][4995]=1282653872;
biao[4996][4996]=1282663918;
biao[4995][4997]=1282653872;
biao[4994][4998]=1282779773;
biao[4993][4999]=1282608400;
biao[4992][5000]=1283014110;
biao[5000][4991]=1282326456;
biao[4999][4992]=1282521689;
biao[4998][4993]=1282521808;
biao[4997][4994]=1282160549;
biao[4996][4995]=1282483712;
biao[4995][4996]=1282483712;
biao[4994][4997]=1282160549;
biao[4993][4998]=1282521808;
biao[4992][4999]=1282521689;
biao[4991][5000]=1282326456;
biao[5000][4990]=1282006479;
biao[4999][4991]=1281834255;
biao[4998][4992]=1282435101;
biao[4997][4993]=1281902728;
biao[4996][4994]=1281990453;
biao[4995][4995]=1282303521;
biao[4994][4996]=1281990453;
biao[4993][4997]=1281902728;
biao[4992][4998]=1282435101;
biao[4991][4999]=1281834255;
biao[4990][5000]=1282006479;
biao[5000][4989]=1281761290;
biao[4999][4990]=1281514438;
biao[4998][4991]=1281747731;
biao[4997][4992]=1281816069;
biao[4996][4993]=1281732664;
biao[4995][4994]=1281810358;
biao[4994][4995]=1281810358;
biao[4993][4996]=1281732664;
biao[4992][4997]=1281816069;
biao[4991][4998]=1281747731;
biao[4990][4999]=1281514438;
biao[4989][5000]=1281761290;
biao[5000][4988]=1281613047;
biao[4999][4989]=1281269309;
biao[4998][4990]=1281427930;
biao[4997][4991]=1281129023;
biao[4996][4992]=1281646013;
biao[4995][4993]=1281552601;
biao[4994][4994]=1281317258;
biao[4993][4995]=1281552601;
biao[4992][4996]=1281646013;
biao[4991][4997]=1281129023;
biao[4990][4998]=1281427930;
biao[4989][4999]=1281269309;
biao[4988][5000]=1281613047;
biao[5000][4987]=1281258547;
biao[4999][4988]=1281121146;
biao[4998][4989]=1281182817;
biao[4997][4990]=1280809350;
biao[4996][4991]=1280959095;
biao[4995][4992]=1281465962;
biao[4994][4993]=1281059629;
biao[4993][4994]=1281059629;
biao[4992][4995]=1281465962;
biao[4991][4996]=1280959095;
biao[4990][4997]=1280809350;
biao[4989][4998]=1281182817;
biao[4988][4999]=1281121146;
biao[4987][5000]=1281258547;
biao[5000][4986]=1281171796;
biao[4999][4987]=1280766766;
biao[4998][4988]=1281034662;
biao[4997][4989]=1280564381;
biao[4996][4990]=1280639454;
biao[4995][4991]=1280779124;
biao[4994][4992]=1280973022;
biao[4993][4993]=1280802027;
biao[4992][4994]=1280973022;
biao[4991][4995]=1280779124;
biao[4990][4996]=1280639454;
biao[4989][4997]=1280564381;
biao[4988][4998]=1281034662;
biao[4987][4999]=1280766766;
biao[4986][5000]=1281171796;
biao[5000][4985]=1280849349;
biao[4999][4986]=1280680055;
biao[4998][4987]=1280680306;
biao[4997][4988]=1280416298;
biao[4996][4989]=1280394517;
biao[4995][4990]=1280459531;
biao[4994][4991]=1280286504;
biao[4993][4992]=1280715436;
biao[4992][4993]=1280715436;
biao[4991][4994]=1280286504;
biao[4990][4995]=1280459531;
biao[4989][4996]=1280394517;
biao[4988][4997]=1280416298;
biao[4987][4998]=1280680306;
biao[4986][4999]=1280680055;
biao[4985][5000]=1280849349;
biao[5000][4984]=1280690002;
biao[4999][4985]=1280357758;
biao[4998][4986]=1280593599;
biao[4997][4987]=1280062134;
biao[4996][4988]=1280246450;
biao[4995][4989]=1280214626;
biao[4994][4990]=1279967039;
biao[4993][4991]=1280029062;
biao[4992][4992]=1280628848;
biao[4991][4993]=1280029062;
biao[4990][4994]=1279967039;
biao[4989][4995]=1280214626;
biao[4988][4996]=1280246450;
biao[4987][4997]=1280062134;
biao[4986][4998]=1280593599;
biao[4985][4999]=1280357758;
biao[4984][5000]=1280690002;
biao[5000][4983]=1280262284;
biao[4999][4984]=1280198459;
biao[4998][4985]=1280271326;
biao[4997][4986]=1279975475;
biao[4996][4987]=1279892334;
biao[4995][4988]=1280066583;
biao[4994][4989]=1279722230;
biao[4993][4990]=1279709661;
biao[4992][4991]=1279942538;
biao[4991][4992]=1279942538;
biao[4990][4993]=1279709661;
biao[4989][4994]=1279722230;
biao[4988][4995]=1280066583;
biao[4987][4996]=1279892334;
biao[4986][4997]=1279975475;
biao[4985][4998]=1280271326;
biao[4984][4999]=1280198459;
biao[4983][5000]=1280262284;
biao[5000][4982]=1279976029;
biao[4999][4983]=1279770881;
biao[4998][4984]=1280112035;
biao[4997][4985]=1279653346;
biao[4996][4986]=1279805683;
biao[4995][4987]=1279712507;
biao[4994][4988]=1279574227;
biao[4993][4989]=1279464900;
biao[4992][4990]=1279623153;
biao[4991][4991]=1279256363;
biao[4990][4992]=1279623153;
biao[4989][4993]=1279464900;
biao[4988][4994]=1279574227;
biao[4987][4995]=1279712507;
biao[4986][4996]=1279805683;
biao[4985][4997]=1279653346;
biao[4984][4998]=1280112035;
biao[4983][4999]=1279770881;
biao[4982][5000]=1279976029;
biao[5000][4981]=1279711870;
biao[4999][4982]=1279484786;
biao[4998][4983]=1279684489;
biao[4997][4984]=1279494151;
biao[4996][4985]=1279483602;
biao[4995][4986]=1279625868;
biao[4994][4987]=1279220343;
biao[4993][4988]=1279316929;
biao[4992][4989]=1279378408;
biao[4991][4990]=1278937234;
biao[4990][4991]=1278937234;
biao[4989][4992]=1279378408;
biao[4988][4993]=1279316929;
biao[4987][4994]=1279220343;
biao[4986][4995]=1279625868;
biao[4985][4996]=1279483602;
biao[4984][4997]=1279494151;
biao[4983][4998]=1279684489;
biao[4982][4999]=1279484786;
biao[4981][5000]=1279711870;
biao[5000][4980]=1279541911;
biao[4999][4981]=1279220727;
biao[4998][4982]=1279398410;
biao[4997][4983]=1279066765;
biao[4996][4984]=1279324423;
biao[4995][4985]=1279303835;
biao[4994][4986]=1279133736;
biao[4993][4987]=1278963109;
biao[4992][4988]=1279230445;
biao[4991][4989]=1278692633;
biao[4990][4990]=1278618132;
biao[4989][4991]=1278692633;
biao[4988][4992]=1279230445;
biao[4987][4993]=1278963109;
biao[4986][4994]=1279133736;
biao[4985][4995]=1279303835;
biao[4984][4996]=1279324423;
biao[4983][4997]=1279066765;
biao[4982][4998]=1279398410;
biao[4981][4999]=1279220727;
biao[4980][5000]=1279541911;
biao[5000][4979]=1278978591;
biao[4999][4980]=1279050848;
biao[4998][4981]=1279134367;
biao[4997][4982]=1278780830;
biao[4996][4983]=1278897101;
biao[4995][4984]=1279144680;
biao[4994][4985]=1278811799;
biao[4993][4986]=1278876518;
biao[4992][4987]=1278876649;
biao[4991][4988]=1278544766;
biao[4990][4989]=1278373595;
biao[4989][4990]=1278373595;
biao[4988][4991]=1278544766;
biao[4987][4992]=1278876649;
biao[4986][4993]=1278876518;
biao[4985][4994]=1278811799;
biao[4984][4995]=1279144680;
biao[4983][4996]=1278897101;
biao[4982][4997]=1278780830;
biao[4981][4998]=1279134367;
biao[4980][4999]=1279050848;
biao[4979][5000]=1278978591;
biao[5000][4978]=1278809862;
biao[4999][4979]=1278487672;
biao[4998][4980]=1278964496;
biao[4997][4981]=1278516931;
biao[4996][4982]=1278611198;
biao[4995][4983]=1278717406;
biao[4994][4984]=1278652692;
biao[4993][4985]=1278554653;
biao[4992][4986]=1278790062;
biao[4991][4987]=1278191130;
biao[4990][4988]=1278225760;
biao[4989][4989]=1278129085;
biao[4988][4990]=1278225760;
biao[4987][4991]=1278191130;
biao[4986][4992]=1278790062;
biao[4985][4993]=1278554653;
biao[4984][4994]=1278652692;
biao[4983][4995]=1278717406;
biao[4982][4996]=1278611198;
biao[4981][4997]=1278516931;
biao[4980][4998]=1278964496;
biao[4979][4999]=1278487672;
biao[4978][5000]=1278809862;
biao[5000][4977]=1278547851;
biao[4999][4978]=1278319023;
biao[4998][4979]=1278401368;
biao[4997][4980]=1278347132;
biao[4996][4981]=1278347331;
biao[4995][4982]=1278431551;
biao[4994][4983]=1278225674;
biao[4993][4984]=1278395578;
biao[4992][4985]=1278468221;
biao[4991][4986]=1278104607;
biao[4990][4987]=1277872220;
biao[4989][4988]=1277981282;
biao[4988][4989]=1277981282;
biao[4987][4990]=1277872220;
biao[4986][4991]=1278104607;
biao[4985][4992]=1278468221;
biao[4984][4993]=1278395578;
biao[4983][4994]=1278225674;
biao[4982][4995]=1278431551;
biao[4981][4996]=1278347331;
biao[4980][4997]=1278347132;
biao[4979][4998]=1278401368;
biao[4978][4999]=1278319023;
biao[4977][5000]=1278547851;
biao[5000][4976]=1278153130;
biao[4999][4977]=1278057112;
biao[4998][4978]=1278232727;
biao[4997][4979]=1277784292;
biao[4996][4980]=1278177548;
biao[4995][4981]=1278167716;
biao[4994][4982]=1277939899;
biao[4993][4983]=1277968640;
biao[4992][4984]=1278309154;
biao[4991][4985]=1277782910;
biao[4990][4986]=1277785713;
biao[4989][4987]=1277627806;
biao[4988][4988]=1277833488;
biao[4987][4989]=1277627806;
biao[4986][4990]=1277785713;
biao[4985][4991]=1277782910;
biao[4984][4992]=1278309154;
biao[4983][4993]=1277968640;
biao[4982][4994]=1277939899;
biao[4981][4995]=1278167716;
biao[4980][4996]=1278177548;
biao[4979][4997]=1277784292;
biao[4978][4998]=1278232727;
biao[4977][4999]=1278057112;
biao[4976][5000]=1278153130;
biao[5000][4975]=1277879220;
biao[4999][4976]=1277662631;
biao[4998][4977]=1277970832;
biao[4997][4978]=1277615747;
biao[4996][4979]=1277614804;
biao[4995][4980]=1277997957;
biao[4994][4981]=1277676192;
biao[4993][4982]=1277682913;
biao[4992][4983]=1277882248;
biao[4991][4984]=1277623971;
biao[4990][4985]=1277464112;
biao[4989][4986]=1277541315;
biao[4988][4987]=1277480060;
biao[4987][4988]=1277480060;
biao[4986][4989]=1277541315;
biao[4985][4990]=1277464112;
biao[4984][4991]=1277623971;
biao[4983][4992]=1277882248;
biao[4982][4993]=1277682913;
biao[4981][4994]=1277676192;
biao[4980][4995]=1277997957;
biao[4979][4996]=1277614804;
biao[4978][4997]=1277615747;
biao[4977][4998]=1277970832;
biao[4976][4999]=1277662631;
biao[4975][5000]=1277879220;
biao[5000][4974]=1277647481;
biao[4999][4975]=1277388801;
biao[4998][4976]=1277576375;
biao[4997][4977]=1277353996;
biao[4996][4978]=1277446275;
biao[4995][4979]=1277435293;
biao[4994][4980]=1277506497;
biao[4993][4981]=1277419254;
biao[4992][4982]=1277596537;
biao[4991][4983]=1277197241;
biao[4990][4984]=1277305205;
biao[4989][4985]=1277219786;
biao[4988][4986]=1277393577;
biao[4987][4987]=1277126677;
biao[4986][4988]=1277393577;
biao[4985][4989]=1277219786;
biao[4984][4990]=1277305205;
biao[4983][4991]=1277197241;
biao[4982][4992]=1277596537;
biao[4981][4993]=1277419254;
biao[4980][4994]=1277506497;
biao[4979][4995]=1277435293;
biao[4978][4996]=1277446275;
biao[4977][4997]=1277353996;
biao[4976][4998]=1277576375;
biao[4975][4999]=1277388801;
biao[4974][5000]=1277647481;
biao[5000][4973]=1277419390;
biao[4999][4974]=1277157118;
biao[4998][4975]=1277302565;
biao[4997][4976]=1276959667;
biao[4996][4977]=1277184548;
biao[4995][4978]=1277266788;
biao[4994][4979]=1276944013;
biao[4993][4980]=1277249591;
biao[4992][4981]=1277332894;
biao[4991][4982]=1276911722;
biao[4990][4983]=1276878571;
biao[4989][4984]=1277060903;
biao[4988][4985]=1277072080;
biao[4987][4986]=1277040218;
biao[4986][4987]=1277040218;
biao[4985][4988]=1277072080;
biao[4984][4989]=1277060903;
biao[4983][4990]=1276878571;
biao[4982][4991]=1276911722;
biao[4981][4992]=1277332894;
biao[4980][4993]=1277249591;
biao[4979][4994]=1276944013;
biao[4978][4995]=1277266788;
biao[4977][4996]=1277184548;
biao[4976][4997]=1276959667;
biao[4975][4998]=1277302565;
biao[4974][4999]=1277157118;
biao[4973][5000]=1277419390;
biao[5000][4972]=1277332639;
biao[4999][4973]=1276929127;
biao[4998][4974]=1277070894;
biao[4997][4975]=1276686001;
biao[4996][4976]=1276790267;
biao[4995][4977]=1277005093;
biao[4994][4978]=1276775572;
biao[4993][4979]=1276687235;
biao[4992][4980]=1277163239;
biao[4991][4981]=1276648223;
biao[4990][4982]=1276593116;
biao[4989][4983]=1276634349;
biao[4988][4984]=1276913213;
biao[4987][4985]=1276718817;
biao[4986][4986]=1276953762;
biao[4985][4987]=1276718817;
biao[4984][4988]=1276913213;
biao[4983][4989]=1276634349;
biao[4982][4990]=1276593116;
biao[4981][4991]=1276648223;
biao[4980][4992]=1277163239;
biao[4979][4993]=1276687235;
biao[4978][4994]=1276775572;
biao[4977][4995]=1277005093;
biao[4976][4996]=1276790267;
biao[4975][4997]=1276686001;
biao[4974][4998]=1277070894;
biao[4973][4999]=1276929127;
biao[4972][5000]=1277332639;
biao[5000][4971]=1276984563;
biao[4999][4972]=1276842416;
biao[4998][4973]=1276842919;
biao[4997][4974]=1276454474;
biao[4996][4975]=1276516641;
biao[4995][4976]=1276610884;
biao[4994][4977]=1276514005;
biao[4993][4978]=1276518826;
biao[4992][4979]=1276600931;
biao[4991][4980]=1276478696;
biao[4990][4981]=1276329681;
biao[4989][4982]=1276348958;
biao[4988][4983]=1276486723;
biao[4987][4984]=1276559998;
biao[4986][4985]=1276632385;
biao[4985][4986]=1276632385;
biao[4984][4987]=1276559998;
biao[4983][4988]=1276486723;
biao[4982][4989]=1276348958;
biao[4981][4990]=1276329681;
biao[4980][4991]=1276478696;
biao[4979][4992]=1276600931;
biao[4978][4993]=1276518826;
biao[4977][4994]=1276514005;
biao[4976][4995]=1276610884;
biao[4975][4996]=1276516641;
biao[4974][4997]=1276454474;
biao[4973][4998]=1276842919;
biao[4972][4999]=1276842416;
biao[4971][5000]=1276984563;
biao[5000][4970]=1276836320;
biao[4999][4971]=1276494460;
biao[4998][4972]=1276756212;
biao[4997][4973]=1276226607;
biao[4996][4974]=1276285138;
biao[4995][4975]=1276337286;
biao[4994][4976]=1276119892;
biao[4993][4977]=1276257307;
biao[4992][4978]=1276432530;
biao[4991][4979]=1275916628;
biao[4990][4980]=1276160186;
biao[4989][4981]=1276085571;
biao[4988][4982]=1276201356;
biao[4987][4983]=1276133604;
biao[4986][4984]=1276473574;
biao[4985][4985]=1276311053;
biao[4984][4986]=1276473574;
biao[4983][4987]=1276133604;
biao[4982][4988]=1276201356;
biao[4981][4989]=1276085571;
biao[4980][4990]=1276160186;
biao[4979][4991]=1275916628;
biao[4978][4992]=1276432530;
biao[4977][4993]=1276257307;
biao[4976][4994]=1276119892;
biao[4975][4995]=1276337286;
biao[4974][4996]=1276285138;
biao[4973][4997]=1276226607;
biao[4972][4998]=1276756212;
biao[4971][4999]=1276494460;
biao[4970][5000]=1276836320;
biao[5000][4969]=1276375093;
biao[4999][4970]=1276346297;
biao[4998][4971]=1276408280;
biao[4997][4972]=1276139948;
biao[4996][4973]=1276057303;
biao[4995][4974]=1276105819;
biao[4994][4975]=1275846454;
biao[4993][4976]=1275863290;
biao[4992][4977]=1276171027;
biao[4991][4978]=1275748323;
biao[4990][4979]=1275598310;
biao[4989][4980]=1275916108;
biao[4988][4981]=1275938001;
biao[4987][4982]=1275848333;
biao[4986][4983]=1276047212;
biao[4985][4984]=1276152290;
biao[4984][4985]=1276152290;
biao[4983][4986]=1276047212;
biao[4982][4987]=1275848333;
biao[4981][4988]=1275938001;
biao[4980][4989]=1275916108;
biao[4979][4990]=1275598310;
biao[4978][4991]=1275748323;
biao[4977][4992]=1276171027;
biao[4976][4993]=1275863290;
biao[4975][4994]=1275846454;
biao[4974][4995]=1276105819;
biao[4973][4996]=1276057303;
biao[4972][4997]=1276139948;
biao[4971][4998]=1276408280;
biao[4970][4999]=1276346297;
biao[4969][5000]=1276375093;
biao[5000][4968]=1276288342;
biao[4999][4969]=1275885190;
biao[4998][4970]=1276260125;
biao[4997][4971]=1275792208;
biao[4996][4972]=1275970652;
biao[4995][4973]=1275878016;
biao[4994][4974]=1275615051;
biao[4993][4975]=1275589900;
biao[4992][4976]=1275777034;
biao[4991][4977]=1275486964;
biao[4990][4978]=1275430037;
biao[4989][4979]=1275354328;
biao[4988][4980]=1275768554;
biao[4987][4981]=1275585042;
biao[4986][4982]=1275761957;
biao[4985][4983]=1275726048;
biao[4984][4984]=1275993536;
biao[4983][4985]=1275726048;
biao[4982][4986]=1275761957;
biao[4981][4987]=1275585042;
biao[4980][4988]=1275768554;
biao[4979][4989]=1275354328;
biao[4978][4990]=1275430037;
biao[4977][4991]=1275486964;
biao[4976][4992]=1275777034;
biao[4975][4993]=1275589900;
biao[4974][4994]=1275615051;
biao[4973][4995]=1275878016;
biao[4972][4996]=1275970652;
biao[4971][4997]=1275792208;
biao[4970][4998]=1276260125;
biao[4969][4999]=1275885190;
biao[4968][5000]=1276288342;
biao[5000][4967]=1275589470;
biao[4999][4968]=1275798479;
biao[4998][4969]=1275799050;
biao[4997][4970]=1275644125;
biao[4996][4971]=1275622960;
biao[4995][4972]=1275791377;
biao[4994][4973]=1275387328;
biao[4993][4974]=1275358545;
biao[4992][4975]=1275503664;
biao[4991][4976]=1275093227;
biao[4990][4977]=1275168742;
biao[4989][4978]=1275186087;
biao[4988][4979]=1275206846;
biao[4987][4980]=1275415643;
biao[4986][4981]=1275498682;
biao[4985][4982]=1275440857;
biao[4984][4983]=1275567358;
biao[4983][4984]=1275567358;
biao[4982][4985]=1275440857;
biao[4981][4986]=1275498682;
biao[4980][4987]=1275415643;
biao[4979][4988]=1275206846;
biao[4978][4989]=1275186087;
biao[4977][4990]=1275168742;
biao[4976][4991]=1275093227;
biao[4975][4992]=1275503664;
biao[4974][4993]=1275358545;
biao[4973][4994]=1275387328;
biao[4972][4995]=1275791377;
biao[4971][4996]=1275622960;
biao[4970][4997]=1275644125;
biao[4969][4998]=1275799050;
biao[4968][4999]=1275798479;
biao[4967][5000]=1275589470;
biao[5000][4966]=1275502719;
biao[4999][4967]=1275099887;
biao[4998][4968]=1275712343;
biao[4997][4969]=1275183242;
biao[4996][4970]=1275474893;
biao[4995][4971]=1275443725;
biao[4994][4972]=1275300721;
biao[4993][4973]=1275130870;
biao[4992][4974]=1275272321;
biao[4991][4975]=1274819953;
biao[4990][4976]=1274775077;
biao[4989][4977]=1274924840;
biao[4988][4978]=1275038621;
biao[4987][4979]=1274854095;
biao[4986][4980]=1275329291;
biao[4985][4981]=1275177654;
biao[4984][4982]=1275282199;
biao[4983][4983]=1275141243;
biao[4982][4984]=1275282199;
biao[4981][4985]=1275177654;
biao[4980][4986]=1275329291;
biao[4979][4987]=1274854095;
biao[4978][4988]=1275038621;
biao[4977][4989]=1274924840;
biao[4976][4990]=1274775077;
biao[4975][4991]=1274819953;
biao[4974][4992]=1275272321;
biao[4973][4993]=1275130870;
biao[4972][4994]=1275300721;
biao[4971][4995]=1275443725;
biao[4970][4996]=1275474893;
biao[4969][4997]=1275183242;
biao[4968][4998]=1275712343;
biao[4967][4999]=1275099887;
biao[4966][5000]=1275502719;
biao[5000][4965]=1275243146;
biao[4999][4966]=1275013176;
biao[4998][4967]=1275013815;
biao[4997][4968]=1275096583;
biao[4996][4969]=1275014074;
biao[4995][4970]=1275295682;
biao[4994][4971]=1274953261;
biao[4993][4972]=1275044279;
biao[4992][4973]=1275044662;
biao[4991][4974]=1274588802;
biao[4990][4975]=1274501883;
biao[4989][4976]=1274531271;
biao[4988][4977]=1274777406;
biao[4987][4978]=1274685918;
biao[4986][4979]=1274767791;
biao[4985][4980]=1275008311;
biao[4984][4981]=1275019028;
biao[4983][4982]=1274856212;
biao[4982][4983]=1274856212;
biao[4981][4984]=1275019028;
biao[4980][4985]=1275008311;
biao[4979][4986]=1274767791;
biao[4978][4987]=1274685918;
biao[4977][4988]=1274777406;
biao[4976][4989]=1274531271;
biao[4975][4990]=1274501883;
biao[4974][4991]=1274588802;
biao[4973][4992]=1275044662;
biao[4972][4993]=1275044279;
biao[4971][4994]=1274953261;
biao[4970][4995]=1275295682;
biao[4969][4996]=1275014074;
biao[4968][4997]=1275096583;
biao[4967][4998]=1275013815;
biao[4966][4999]=1275013176;
biao[4965][5000]=1275243146;
biao[5000][4964]=1274971093;
biao[4999][4965]=1274753703;
biao[4998][4966]=1274927108;
biao[4997][4967]=1274398355;
biao[4996][4968]=1274927423;
biao[4995][4969]=1274834927;
biao[4994][4970]=1274805258;
biao[4993][4971]=1274696867;
biao[4992][4972]=1274958075;
biao[4991][4973]=1274361251;
biao[4990][4974]=1274270780;
biao[4989][4975]=1274258125;
biao[4988][4976]=1274383869;
biao[4987][4977]=1274424767;
biao[4986][4978]=1274599622;
biao[4985][4979]=1274446939;
biao[4984][4980]=1274849701;
biao[4983][4981]=1274593121;
biao[4982][4982]=1274571208;
biao[4981][4983]=1274593121;
biao[4980][4984]=1274849701;
biao[4979][4985]=1274446939;
biao[4978][4986]=1274599622;
biao[4977][4987]=1274424767;
biao[4976][4988]=1274383869;
biao[4975][4989]=1274258125;
biao[4974][4990]=1274270780;
biao[4973][4991]=1274361251;
biao[4972][4992]=1274958075;
biao[4971][4993]=1274696867;
biao[4970][4994]=1274805258;
biao[4969][4995]=1274834927;
biao[4968][4996]=1274927423;
biao[4967][4997]=1274398355;
biao[4966][4998]=1274927108;
biao[4965][4999]=1274753703;
biao[4964][5000]=1274971093;
biao[5000][4963]=1274618821;
biao[4999][4964]=1274481746;
biao[4998][4965]=1274667651;
biao[4997][4966]=1274311696;
biao[4996][4967]=1274229323;
biao[4995][4968]=1274748288;
biao[4994][4969]=1274344695;
biao[4993][4970]=1274548896;
biao[4992][4971]=1274610687;
biao[4991][4972]=1274274728;
biao[4990][4973]=1274043293;
biao[4989][4974]=1274027054;
biao[4988][4975]=1274110763;
biao[4987][4976]=1274031374;
biao[4986][4977]=1274338487;
biao[4985][4978]=1274278818;
biao[4984][4979]=1274288401;
biao[4983][4980]=1274423858;
biao[4982][4981]=1274308181;
biao[4981][4982]=1274308181;
biao[4980][4983]=1274423858;
biao[4979][4984]=1274288401;
biao[4978][4985]=1274278818;
biao[4977][4986]=1274338487;
biao[4976][4987]=1274031374;
biao[4975][4988]=1274110763;
biao[4974][4989]=1274027054;
biao[4973][4990]=1274043293;
biao[4972][4991]=1274274728;
biao[4971][4992]=1274610687;
biao[4970][4993]=1274548896;
biao[4969][4994]=1274344695;
biao[4968][4995]=1274748288;
biao[4967][4996]=1274229323;
biao[4966][4997]=1274311696;
biao[4965][4998]=1274667651;
biao[4964][4999]=1274481746;
biao[4963][5000]=1274618821;
biao[5000][4962]=1274454964;
biao[4999][4963]=1274129594;
biao[4998][4964]=1274395710;
biao[4997][4965]=1274052383;
biao[4996][4966]=1274142672;
biao[4995][4967]=1274050284;
biao[4994][4968]=1274258088;
biao[4993][4969]=1274088429;
biao[4992][4970]=1274462724;
biao[4991][4971]=1273927500;
biao[4990][4972]=1273956786;
biao[4989][4973]=1273799615;
biao[4988][4974]=1273879716;
biao[4987][4975]=1273758324;
biao[4986][4976]=1273945118;
biao[4985][4977]=1274017755;
biao[4984][4978]=1274120296;
biao[4983][4979]=1273862750;
biao[4982][4980]=1274138950;
biao[4981][4981]=1274045181;
biao[4980][4982]=1274138950;
biao[4979][4983]=1273862750;
biao[4978][4984]=1274120296;
biao[4977][4985]=1274017755;
biao[4976][4986]=1273945118;
biao[4975][4987]=1273758324;
biao[4974][4988]=1273879716;
biao[4973][4989]=1273799615;
biao[4972][4990]=1273956786;
biao[4971][4991]=1273927500;
biao[4970][4992]=1274462724;
biao[4969][4993]=1274088429;
biao[4968][4994]=1274258088;
biao[4967][4995]=1274050284;
biao[4966][4996]=1274142672;
biao[4965][4997]=1274052383;
biao[4964][4998]=1274395710;
biao[4963][4999]=1274129594;
biao[4962][5000]=1274454964;
biao[5000][4961]=1274226873;
biao[4999][4962]=1273965817;
biao[4998][4963]=1274043582;
biao[4997][4964]=1273780586;
biao[4996][4965]=1273883391;
biao[4995][4966]=1273963645;
biao[4994][4967]=1273560308;
biao[4993][4968]=1274001838;
biao[4992][4969]=1274002289;
biao[4991][4970]=1273779633;
biao[4990][4971]=1273609654;
biao[4989][4972]=1273713124;
biao[4988][4973]=1273652301;
biao[4987][4974]=1273527349;
biao[4986][4975]=1273672088;
biao[4985][4976]=1273624466;
biao[4984][4977]=1273859265;
biao[4983][4978]=1273694709;
biao[4982][4979]=1273577986;
biao[4981][4980]=1273875982;
biao[4980][4981]=1273875982;
biao[4979][4982]=1273577986;
biao[4978][4983]=1273694709;
biao[4977][4984]=1273859265;
biao[4976][4985]=1273624466;
biao[4975][4986]=1273672088;
biao[4974][4987]=1273527349;
biao[4973][4988]=1273652301;
biao[4972][4989]=1273713124;
biao[4971][4990]=1273609654;
biao[4970][4991]=1273779633;
biao[4969][4992]=1274002289;
biao[4968][4993]=1274001838;
biao[4967][4994]=1273560308;
biao[4966][4995]=1273963645;
biao[4965][4996]=1273883391;
biao[4964][4997]=1273780586;
biao[4963][4998]=1274043582;
biao[4962][4999]=1273965817;
biao[4961][5000]=1274226873;
biao[5000][4960]=1273979762;
biao[4999][4961]=1273737826;
biao[4998][4962]=1273879813;
biao[4997][4963]=1273428602;
biao[4996][4964]=1273611626;
biao[4995][4965]=1273704396;
biao[4994][4966]=1273473701;
biao[4993][4967]=1273304218;
biao[4992][4968]=1273915702;
biao[4991][4969]=1273319486;
biao[4990][4970]=1273461819;
biao[4989][4971]=1273366056;
biao[4988][4972]=1273565818;
biao[4987][4973]=1273299998;
biao[4986][4974]=1273441125;
biao[4985][4975]=1273351508;
biao[4984][4976]=1273466024;
biao[4983][4977]=1273433758;
biao[4982][4978]=1273409977;
biao[4981][4979]=1273315146;
biao[4980][4980]=1273706792;
biao[4979][4981]=1273315146;
biao[4978][4982]=1273409977;
biao[4977][4983]=1273433758;
biao[4976][4984]=1273466024;
biao[4975][4985]=1273351508;
biao[4974][4986]=1273441125;
biao[4973][4987]=1273299998;
biao[4972][4988]=1273565818;
biao[4971][4989]=1273366056;
biao[4970][4990]=1273461819;
biao[4969][4991]=1273319486;
biao[4968][4992]=1273915702;
biao[4967][4993]=1273304218;
biao[4966][4994]=1273473701;
biao[4965][4995]=1273704396;
biao[4964][4996]=1273611626;
biao[4963][4997]=1273428602;
biao[4962][4998]=1273879813;
biao[4961][4999]=1273737826;
biao[4960][5000]=1273979762;
biao[5000][4959]=1273396874;
biao[4999][4960]=1273490835;
biao[4998][4961]=1273651838;
biao[4997][4962]=1273264897;
biao[4996][4963]=1273259690;
biao[4995][4964]=1273432679;
biao[4994][4965]=1273214580;
biao[4993][4966]=1273217627;
biao[4992][4967]=1273218146;
biao[4991][4968]=1273232963;
biao[4990][4969]=1273001768;
biao[4989][4970]=1273218253;
biao[4988][4971]=1273218798;
biao[4987][4972]=1273213539;
biao[4986][4973]=1273213790;
biao[4985][4974]=1273120617;
biao[4984][4975]=1273193106;
biao[4983][4976]=1273040661;
biao[4982][4977]=1273149090;
biao[4981][4978]=1273147169;
biao[4980][4979]=1273146052;
biao[4979][4980]=1273146052;
biao[4978][4981]=1273147169;
biao[4977][4982]=1273149090;
biao[4976][4983]=1273040661;
biao[4975][4984]=1273193106;
biao[4974][4985]=1273120617;
biao[4973][4986]=1273213790;
biao[4972][4987]=1273213539;
biao[4971][4988]=1273218798;
biao[4970][4989]=1273218253;
biao[4969][4990]=1273001768;
biao[4968][4991]=1273232963;
biao[4967][4992]=1273218146;
biao[4966][4993]=1273217627;
biao[4965][4994]=1273214580;
biao[4964][4995]=1273432679;
biao[4963][4996]=1273259690;
biao[4962][4997]=1273264897;
biao[4961][4998]=1273651838;
biao[4960][4999]=1273490835;
biao[4959][5000]=1273396874;
biao[5000][4958]=1272989253;
biao[4999][4959]=1272908055;
biao[4998][4960]=1273404859;
biao[4997][4961]=1273037030;
biao[4996][4962]=1273096001;
biao[4995][4963]=1273080783;
biao[4994][4964]=1272942923;
biao[4993][4965]=1272958554;
biao[4992][4966]=1273131559;
biao[4991][4967]=1272535627;
biao[4990][4968]=1272915261;
biao[4989][4969]=1272758274;
biao[4988][4970]=1273071007;
biao[4987][4971]=1272866599;
biao[4986][4972]=1273127335;
biao[4985][4973]=1272893330;
biao[4984][4974]=1272962231;
biao[4983][4975]=1272767807;
biao[4982][4976]=1272756057;
biao[4981][4977]=1272886330;
biao[4980][4978]=1272978091;
biao[4979][4979]=1272585447;
biao[4978][4980]=1272978091;
biao[4977][4981]=1272886330;
biao[4976][4982]=1272756057;
biao[4975][4983]=1272767807;
biao[4974][4984]=1272962231;
biao[4973][4985]=1272893330;
biao[4972][4986]=1273127335;
biao[4971][4987]=1272866599;
biao[4970][4988]=1273071007;
biao[4969][4989]=1272758274;
biao[4968][4990]=1272915261;
biao[4967][4991]=1272535627;
biao[4966][4992]=1273131559;
biao[4965][4993]=1272958554;
biao[4964][4994]=1272942923;
biao[4963][4995]=1273080783;
biao[4962][4996]=1273096001;
biao[4961][4997]=1273037030;
biao[4960][4998]=1273404859;
biao[4959][4999]=1272908055;
biao[4958][5000]=1272989253;
biao[5000][4957]=1272725284;
biao[4999][4958]=1272500674;
biao[4998][4959]=1272822127;
biao[4997][4960]=1272790195;
biao[4996][4961]=1272868166;
biao[4995][4962]=1272917118;
biao[4994][4963]=1272591219;
biao[4993][4964]=1272686961;
biao[4992][4965]=1272872502;
biao[4991][4966]=1272449104;
biao[4990][4967]=1272218117;
biao[4989][4968]=1272671783;
biao[4988][4969]=1272611092;
biao[4987][4970]=1272718856;
biao[4986][4971]=1272780419;
biao[4985][4972]=1272806899;
biao[4984][4973]=1272734976;
biao[4983][4974]=1272537028;
biao[4982][4975]=1272483283;
biao[4981][4976]=1272493393;
biao[4980][4977]=1272717284;
biao[4979][4978]=1272417582;
biao[4978][4979]=1272417582;
biao[4977][4980]=1272717284;
biao[4976][4981]=1272493393;
biao[4975][4982]=1272483283;
biao[4974][4983]=1272537028;
biao[4973][4984]=1272734976;
biao[4972][4985]=1272806899;
biao[4971][4986]=1272780419;
biao[4970][4987]=1272718856;
biao[4969][4988]=1272611092;
biao[4968][4989]=1272671783;
biao[4967][4990]=1272218117;
biao[4966][4991]=1272449104;
biao[4965][4992]=1272872502;
biao[4964][4993]=1272686961;
biao[4963][4994]=1272591219;
biao[4962][4995]=1272917118;
biao[4961][4996]=1272868166;
biao[4960][4997]=1272790195;
biao[4959][4998]=1272822127;
biao[4958][4999]=1272500674;
biao[4957][5000]=1272725284;
biao[5000][4956]=1272638533;
biao[4999][4957]=1272236805;
biao[4998][4958]=1272414770;
biao[4997][4959]=1272207799;
biao[4996][4960]=1272621355;
biao[4995][4961]=1272689315;
biao[4994][4962]=1272427618;
biao[4993][4963]=1272335321;
biao[4992][4964]=1272600925;
biao[4991][4965]=1272190155;
biao[4990][4966]=1272131610;
biao[4989][4967]=1271974799;
biao[4988][4968]=1272524609;
biao[4987][4969]=1272259069;
biao[4986][4970]=1272632684;
biao[4985][4971]=1272460079;
biao[4984][4972]=1272648553;
biao[4983][4973]=1272309853;
biao[4982][4974]=1272252552;
biao[4981][4975]=1272220667;
biao[4980][4976]=1272324395;
biao[4979][4977]=1272156903;
biao[4978][4978]=1272249726;
biao[4977][4979]=1272156903;
biao[4976][4980]=1272324395;
biao[4975][4981]=1272220667;
biao[4974][4982]=1272252552;
biao[4973][4983]=1272309853;
biao[4972][4984]=1272648553;
biao[4971][4985]=1272460079;
biao[4970][4986]=1272632684;
biao[4969][4987]=1272259069;
biao[4968][4988]=1272524609;
biao[4967][4989]=1271974799;
biao[4966][4990]=1272131610;
biao[4965][4991]=1272190155;
biao[4964][4992]=1272600925;
biao[4963][4993]=1272335321;
biao[4962][4994]=1272427618;
biao[4961][4995]=1272689315;
biao[4960][4996]=1272621355;
biao[4959][4997]=1272207799;
biao[4958][4998]=1272414770;
biao[4957][4999]=1272236805;
biao[4956][5000]=1272638533;
biao[5000][4955]=1272060025;
biao[4999][4956]=1272150094;
biao[4998][4957]=1272150917;
biao[4997][4958]=1271800634;
biao[4996][4959]=1272039055;
biao[4995][4960]=1272442540;
biao[4994][4961]=1272199895;
biao[4993][4962]=1272171752;
biao[4992][4963]=1272249309;
biao[4991][4964]=1271918770;
biao[4990][4965]=1271872725;
biao[4989][4966]=1271888308;
biao[4988][4967]=1271827705;
biao[4987][4968]=1272172610;
biao[4986][4969]=1272172929;
biao[4985][4970]=1272312376;
biao[4984][4971]=1272301781;
biao[4983][4972]=1272223462;
biao[4982][4973]=1272025425;
biao[4981][4974]=1271989984;
biao[4980][4975]=1272051709;
biao[4979][4976]=1271764206;
biao[4978][4977]=1271989079;
biao[4977][4978]=1271989079;
biao[4976][4979]=1271764206;
biao[4975][4980]=1272051709;
biao[4974][4981]=1271989984;
biao[4973][4982]=1272025425;
biao[4972][4983]=1272223462;
biao[4971][4984]=1272301781;
biao[4970][4985]=1272312376;
biao[4969][4986]=1272172929;
biao[4968][4987]=1272172610;
biao[4967][4988]=1271827705;
biao[4966][4989]=1271888308;
biao[4965][4990]=1271872725;
biao[4964][4991]=1271918770;
biao[4963][4992]=1272249309;
biao[4962][4993]=1272171752;
biao[4961][4994]=1272199895;
biao[4960][4995]=1272442540;
biao[4959][4996]=1272039055;
biao[4958][4997]=1271800634;
biao[4957][4998]=1272150917;
biao[4956][4999]=1272150094;
biao[4955][5000]=1272060025;
biao[5000][4954]=1271900678;
biao[4999][4955]=1271571826;
biao[4998][4956]=1272064210;
biao[4997][4957]=1271536925;
biao[4996][4958]=1271631926;
biao[4995][4959]=1271860304;
biao[4994][4960]=1271953216;
biao[4993][4961]=1271944077;
biao[4992][4962]=1272085748;
biao[4991][4963]=1271567314;
biao[4990][4964]=1271601404;
biao[4989][4965]=1271629471;
biao[4988][4966]=1271741222;
biao[4987][4967]=1271475898;
biao[4986][4968]=1272086474;
biao[4985][4969]=1271852765;
biao[4984][4970]=1272154094;
biao[4983][4971]=1271876786;
biao[4982][4972]=1271939050;
biao[4981][4973]=1271762905;
biao[4980][4974]=1271821050;
biao[4979][4975]=1271491632;
biao[4978][4976]=1271596430;
biao[4977][4977]=1271728459;
biao[4976][4978]=1271596430;
biao[4975][4979]=1271491632;
biao[4974][4980]=1271821050;
biao[4973][4981]=1271762905;
biao[4972][4982]=1271939050;
biao[4971][4983]=1271876786;
biao[4970][4984]=1272154094;
biao[4969][4985]=1271852765;
biao[4968][4986]=1272086474;
biao[4967][4987]=1271475898;
biao[4966][4988]=1271741222;
biao[4965][4989]=1271629471;
biao[4964][4990]=1271601404;
biao[4963][4991]=1271567314;
biao[4962][4992]=1272085748;
biao[4961][4993]=1271944077;
biao[4960][4994]=1271953216;
biao[4959][4995]=1271860304;
biao[4958][4996]=1271631926;
biao[4957][4997]=1271536925;
biao[4956][4998]=1272064210;
biao[4955][4999]=1271571826;
biao[4954][5000]=1271900678;
biao[5000][4953]=1271767099;
biao[4999][4954]=1271412527;
biao[4998][4955]=1271485990;
biao[4997][4956]=1271450266;
biao[4996][4957]=1271368249;
biao[4995][4958]=1271453247;
biao[4994][4959]=1271371268;
biao[4993][4960]=1271697430;
biao[4992][4961]=1271858089;
biao[4991][4962]=1271403881;
biao[4990][4963]=1271250044;
biao[4989][4964]=1271358198;
biao[4988][4965]=1271482417;
biao[4987][4966]=1271389439;
biao[4986][4967]=1271389826;
biao[4985][4968]=1271766334;
biao[4984][4969]=1271694531;
biao[4983][4970]=1271729163;
biao[4982][4971]=1271592446;
biao[4981][4972]=1271676546;
biao[4980][4973]=1271594003;
biao[4979][4974]=1271261069;
biao[4978][4975]=1271323896;
biao[4977][4976]=1271335906;
biao[4976][4977]=1271335906;
biao[4975][4978]=1271323896;
biao[4974][4979]=1271261069;
biao[4973][4980]=1271594003;
biao[4972][4981]=1271676546;
biao[4971][4982]=1271592446;
biao[4970][4983]=1271729163;
biao[4969][4984]=1271694531;
biao[4968][4985]=1271766334;
biao[4967][4986]=1271389826;
biao[4966][4987]=1271389439;
biao[4965][4988]=1271482417;
biao[4964][4989]=1271358198;
biao[4963][4990]=1271250044;
biao[4962][4991]=1271403881;
biao[4961][4992]=1271858089;
biao[4960][4993]=1271697430;
biao[4959][4994]=1271371268;
biao[4958][4995]=1271453247;
biao[4957][4996]=1271368249;
biao[4956][4997]=1271450266;
biao[4955][4998]=1271485990;
biao[4954][4999]=1271412527;
biao[4953][5000]=1271767099;
biao[5000][4952]=1271479226;
biao[4999][4953]=1271278998;
biao[4998][4954]=1271326699;
biao[4997][4955]=1270872238;
biao[4996][4956]=1271281598;
biao[4995][4957]=1271189602;
biao[4994][4958]=1270964307;
biao[4993][4959]=1271115594;
biao[4992][4960]=1271611454;
biao[4991][4961]=1271176330;
biao[4990][4962]=1271086635;
biao[4989][4963]=1271006902;
biao[4988][4964]=1271211168;
biao[4987][4965]=1271130698;
biao[4986][4966]=1271303371;
biao[4985][4967]=1271069806;
biao[4984][4968]=1271608108;
biao[4983][4969]=1271269720;
biao[4982][4970]=1271444847;
biao[4981][4971]=1271330006;
biao[4980][4972]=1271507652;
biao[4979][4973]=1271034118;
biao[4978][4974]=1271093357;
biao[4977][4975]=1271063420;
biao[4976][4976]=1270943398;
biao[4975][4977]=1271063420;
biao[4974][4978]=1271093357;
biao[4973][4979]=1271034118;
biao[4972][4980]=1271507652;
biao[4971][4981]=1271330006;
biao[4970][4982]=1271444847;
biao[4969][4983]=1271269720;
biao[4968][4984]=1271608108;
biao[4967][4985]=1271069806;
biao[4966][4986]=1271303371;
biao[4965][4987]=1271130698;
biao[4964][4988]=1271211168;
biao[4963][4989]=1271006902;
biao[4962][4990]=1271086635;
biao[4961][4991]=1271176330;
biao[4960][4992]=1271611454;
biao[4959][4993]=1271115594;
biao[4958][4994]=1270964307;
biao[4957][4995]=1271189602;
biao[4956][4996]=1271281598;
biao[4955][4997]=1270872238;
biao[4954][4998]=1271326699;
biao[4953][4999]=1271278998;
biao[4952][5000]=1271479226;
biao[5000][4951]=1271252034;
biao[4999][4952]=1270991285;
biao[4998][4953]=1271193178;
biao[4997][4954]=1270713043;
biao[4996][4955]=1270703666;
biao[4995][4956]=1271102963;
biao[4994][4957]=1270700758;
biao[4993][4958]=1270708729;
biao[4992][4959]=1271029666;
biao[4991][4960]=1270929887;
biao[4990][4961]=1270859148;
biao[4989][4962]=1270843525;
biao[4988][4963]=1270859920;
biao[4987][4964]=1270859545;
biao[4986][4965]=1271044646;
biao[4985][4966]=1270983375;
biao[4984][4967]=1270911708;
biao[4983][4968]=1271183329;
biao[4982][4969]=1270985532;
biao[4981][4970]=1271182439;
biao[4980][4971]=1271161160;
biao[4979][4972]=1270947815;
biao[4978][4973]=1270866438;
biao[4977][4974]=1270832929;
biao[4976][4975]=1270671032;
biao[4975][4976]=1270671032;
biao[4974][4977]=1270832929;
biao[4973][4978]=1270866438;
biao[4972][4979]=1270947815;
biao[4971][4980]=1271161160;
biao[4970][4981]=1271182439;
biao[4969][4982]=1270985532;
biao[4968][4983]=1271183329;
biao[4967][4984]=1270911708;
biao[4966][4985]=1270983375;
biao[4965][4986]=1271044646;
biao[4964][4987]=1270859545;
biao[4963][4988]=1270859920;
biao[4962][4989]=1270843525;
biao[4961][4990]=1270859148;
biao[4960][4991]=1270929887;
biao[4959][4992]=1271029666;
biao[4958][4993]=1270708729;
biao[4957][4994]=1270700758;
biao[4956][4995]=1271102963;
biao[4955][4996]=1270703666;
biao[4954][4997]=1270713043;
biao[4953][4998]=1271193178;
biao[4952][4999]=1270991285;
biao[4951][5000]=1271252034;
biao[5000][4950]=1271165283;
biao[4999][4951]=1270764163;
biao[4998][4952]=1270905481;
biao[4997][4953]=1270579594;
biao[4996][4954]=1270544487;
biao[4995][4955]=1270525111;
biao[4994][4956]=1270614151;
biao[4993][4957]=1270445228;
biao[4992][4958]=1270622825;
biao[4991][4959]=1270348307;
biao[4990][4960]=1270612753;
biao[4989][4961]=1270616086;
biao[4988][4962]=1270696559;
biao[4987][4963]=1270508377;
biao[4986][4964]=1270773509;
biao[4985][4965]=1270724722;
biao[4984][4966]=1270825285;
biao[4983][4967]=1270487153;
biao[4982][4968]=1270899157;
biao[4981][4969]=1270723220;
biao[4980][4970]=1271013609;
biao[4979][4971]=1270601483;
biao[4978][4972]=1270780143;
biao[4977][4973]=1270606058;
biao[4976][4974]=1270440613;
biao[4975][4975]=1270398693;
biao[4974][4976]=1270440613;
biao[4973][4977]=1270606058;
biao[4972][4978]=1270780143;
biao[4971][4979]=1270601483;
biao[4970][4980]=1271013609;
biao[4969][4981]=1270723220;
biao[4968][4982]=1270899157;
biao[4967][4983]=1270487153;
biao[4966][4984]=1270825285;
biao[4965][4985]=1270724722;
biao[4964][4986]=1270773509;
biao[4963][4987]=1270508377;
biao[4962][4988]=1270696559;
biao[4961][4989]=1270616086;
biao[4960][4990]=1270612753;
biao[4959][4991]=1270348307;
biao[4958][4992]=1270622825;
biao[4957][4993]=1270445228;
biao[4956][4994]=1270614151;
biao[4955][4995]=1270525111;
