#include<stdio.h>
#include<stdlib.h>
#include<string.h>
#include<algorithm>
#include<iostream>
using namespace std;

const int Mod=1<<30;

int isp[50000],p[10000];
int f[1100000],g[30000000];

int ans[100][100]={
{160371802,160517040,160785439,160950349,161700371,161856485,162033244,162313684,162444560,162529544,163221777,163534741,163792235,163997685,164174444,164401484,164624992,164790300,165447503,165733609,166199361,166284345,166710512,166795496,166926372,167426766,167649383,167734367,167957875,168122207,168741904,169066452,169313498,169398482,169855799,170161599,170292475,170576415,170753174,170988752,171804352,171889336,172111953,172393999,172524875,172680989,173247930,173332914,173591540,173990916,174562097,174804181,175027689,175188225,175533378,175799940,176054270,176139254,176824227,176909211,177361181,177506419,177847450,177932434,178155942,178382982,178651381,179038121,179294821,179460129,180012186,180178682,180437498,180717938,181137073,181293187,181609171,181694155,182041494,182186732,182426974,182740484,183414405,183499389,183752237,184236081,184412840,184579740,185187460,185272444,185755821},
{160517040,160662287,160930726,161095652,161845754,162001884,162178667,162459131,162590023,162675015,163367344,163680340,163937866,164143332,164320115,164547179,164770711,164936035,165593350,165879480,166345296,166430288,166856503,166941495,167072387,167572829,167795478,167880470,168104002,168268350,168888143,169212715,169459793,169544785,170002162,170307994,170438886,170722850,170899633,171135235,171950931,172035923,172258572,172540642,172671534,172827664,173394677,173479669,173738327,174137735,174709012,174951120,175174652,175335204,175680405,175946991,176201353,176286345,176971398,177056390,177508424,177653674,177994753,178079745,178303277,178530341,178798780,179185552,179442284,179607608,180159737,180326249,180585097,180865561,181284760,181440890,181756906,181841898,182189285,182334535,182574809,182888351,183562368,183647360,183900240,184384124,184560907,184727823,185335615,185420607,185904064},
{160785439,160930726,161199192,161364158,162114452,162270622,162447433,162727977,162858893,162943905,163636362,163949438,164207012,164412538,164589349,164816473,165040053,165205417,165862820,166149030,166614942,166699954,167126253,167211265,167342181,167842783,168065464,168150476,168374056,168538444,169158349,169483021,169730147,169815159,170272608,170578520,170709436,170993480,171170291,171405953,172221865,172306877,172529558,172811708,172942624,173098794,173665919,173750931,174009637,174409165,174980522,175222690,175446270,175606862,175952119,176218785,176473195,176558207,177243388,177328400,177780530,177925820,178266955,178351967,178575547,178802671,179071146,179458038,179714818,179880182,180432423,180598975,180857871,181138415,181557678,181713848,182029936,182114948,182462391,182607681,182848003,183161625,183835738,183920750,184173678,184657722,184834533,185001489,185609425,185694437,186177974},
{160950349,161095652,161364158,161529131,162279553,162435739,162612574,162893150,163024082,163109102,163801687,164114795,164372401,164577951,164754786,164981934,165205546,165370926,166028441,166314683,166780635,166865655,167292026,167377046,167507978,168008644,168231357,168316377,168539989,168704393,169324394,169649106,169896264,169981284,170438813,170744757,170875689,171159753,171336588,171572274,172388330,172473350,172696063,172978245,173109177,173265363,173832584,173917604,174176342,174575918,175147371,175389563,175613175,175773783,176119070,176385768,176640210,176725230,177410539,177495559,177947753,178093059,178434242,178519262,178742874,178970022,179238537,179625477,179882289,180047669,180600006,180766568,181025496,181306072,181725399,181881585,182197721,182282741,182630232,182775538,183015892,183329546,184003787,184088807,184341767,184825875,185002710,185169682,185777678,185862698,186346315},
{161700371,161845754,162114452,162279553,163030164,163186478,163363441,163644177,163775205,163860289,164553274,164866574,165124372,165330018,165506981,165734321,165958053,166123529,166781428,167067830,167534166,167619250,168045813,168130897,168261925,168762831,168985704,169070788,169294520,169459052,170079437,170404277,170651579,170736663,171194432,171500632,171631660,171915884,172092847,172328661,173145149,173230233,173453106,173735408,173866436,174022750,174590211,174675295,174934225,175333993,175905894,176148278,176372010,176532714,176878257,177145115,177399701,177484785,178170374,178255458,178707940,178853326,179194765,179279849,179503581,179730921,179999628,180386712,180643716,180809192,181361849,181528539,181787659,182068395,182487962,182644276,182960556,183045640,183393387,183538773,183779319,184093165,184767676,184852760,185105912,185590244,185767207,185934307,186542543,186627627,187111644},
{161856485,162001884,162270622,162435739,163186478,163342801,163519788,163800556,163931600,164016692,164709773,165023105,165280935,165486605,165663592,165890948,166114712,166280204,166938215,167224649,167691033,167776125,168202760,168287852,168418896,168919850,169142755,169227847,169451611,169616159,170236616,170561496,170808830,170893922,171351771,171657995,171789039,172073295,172250282,172486120,173302704,173387796,173610701,173893035,174024079,174180405,174747962,174833054,175092016,175491832,176063805,176306213,176529977,176690697,177036288,177303170,177557788,177642880,178328597,178413689,178866219,179011621,179353108,179438200,179661964,179889320,180158067,180545199,180802235,180967727,181520456,181687162,181946314,182227082,182646713,182803039,183119367,183204459,183552254,183697656,183938226,184252104,184926743,185011835,185265019,185749399,185926386,186093502,186701834,186786926,187270991},
{162033244,162178667,162447433,162612574,163363441,163519788,163696790,163977606,164108666,164193770,164886947,165200327,165458189,165663895,165840902,166068294,166292090,166457606,167115689,167402171,167868619,167953723,168380418,168465522,168596582,169097632,169320561,169405665,169629461,169794033,170414570,170739510,170986876,171071980,171529885,171836157,171967217,172251521,172428528,172664402,173481130,173566234,173789163,174071545,174202605,174358955,174926592,175011696,175270690,175670578,176242615,176485059,176708855,176869599,177215230,177482160,177736810,177821914,178507727,178592831,179045425,179190851,179532378,179617482,179841278,180068670,180337445,180724649,180981717,181147233,181700042,181866772,182125956,182406772,182826451,182982801,183299177,183384281,183732116,183877542,184118144,184432070,185106789,185191893,185445109,185929585,186106592,186273732,186882160,186967264,187451389},
{162313684,162459131,162727977,162893150,163644177,163800556,163977606,164258449,164389541,164474661,165168030,165481474,165739400,165945138,166122193,166349633,166573477,166739025,167397276,167683806,168150382,168235502,168662293,168747413,168878505,169379651,169602644,169687764,169911608,170076204,170696933,171021921,171269351,171354471,171812496,172118832,172249924,172534276,172711331,172947253,173764125,173849245,174072238,174354668,174485760,174642142,175209923,175295043,175554101,175954053,176526282,176768758,176992602,177153378,177499105,177766083,178020797,178105917,178791890,178877010,179329732,179475182,179816781,179901901,180125745,180353185,180622040,181009308,181266440,181431988,181984941,182151703,182410951,182691803,183111610,183267992,183584432,183669552,184017483,184162933,184403599,184717589,185392500,185477620,185730884,186215440,186392495,186559667,187168239,187253359,187737644},
{162444560,162590023,162858893,163024082,163775205,163931600,164108666,164389541,164520642,164605770,165299219,165612695,165870645,166076407,166253478,166480942,166704810,166870374,167528689,167815251,168281875,168367003,168793842,168878970,169010074,169511284,169734297,169819425,170043293,170207905,170828698,171153726,171401180,171486308,171944381,172250749,172381853,172666237,172843308,173079254,173896234,173981362,174204375,174486837,174617941,174774339,175342184,175427312,175686394,176086394,176658679,176901179,177125047,177285839,177631598,177898608,178153346,178238474,178924527,179009655,179462425,179607891,179949522,180034650,180258518,180485982,180754861,181142177,181399333,181564897,182117914,182284692,182543964,182824848,183244695,183401093,183717569,183802697,184150660,184296126,184536816,184850838,185525821,185610949,185864237,186348857,186525928,186693116,187301760,187386888,187871223},
{162529544,162675015,162943905,163109102,163860289,164016692,164193770,164474661,164605770,164690901,165384414,165697906,165955872,166161646,166338729,166566205,166790089,166955661,167614032,167900610,168367266,168452398,168879273,168964405,169095517,169596759,169819788,169904920,170128804,170293424,170914265,171239313,171486783,171571915,172030028,172336412,172467524,172751924,172929007,173164965,173982017,174067149,174290178,174572656,174703768,174860174,175428067,175513199,175772297,176172321,176744654,176987166,177211050,177371850,177717633,177984659,178239413,178324545,179010662,179095794,179548596,179694070,180035725,180120857,180344741,180572217,180841116,181228456,181485628,181651200,182204265,182371051,182630339,182911239,183331118,183487524,183804024,183889156,184237143,184382617,184623323,184937361,185612408,185697540,185950844,186435496,186612579,186779775,187388467,187473599,187957974},
{163221777,163367344,163636362,163801687,164553274,164709773,164886947,165168030,165299219,165384414,166078116,166391864,166649990,166855892,167033071,167260675,167484679,167650379,168309070,168595840,169062736,169147932,169574999,169660195,169791387,170292917,170516058,170601254,170825258,170990006,171611135,171936375,172184005,172269201,172727506,173034082,173165274,173449866,173627045,173863195,174680567,174765763,174988904,175271574,175402766,175559268,176127449,176212645,176471903,176872183,177444732,177687388,177911392,178072320,178418295,178685465,178940379,179025575,179711972,179797168,180250210,180395780,180737627,180822823,181046827,181274431,181543458,181931054,182188386,182354086,182907367,183074281,183333729,183614821,184034924,184191426,184508086,184593282,184941461,185087031,185327857,185642151,186317462,186402658,186656122,187141014,187318193,187485517,188094569,188179765,188664308},
{163534741,163680340,163949438,164114795,164866574,165023105,165200327,165481474,165612695,165697906,166391864,166705639,166963829,167169779,167347006,167574658,167798726,167964458,168623317,168910151,169377175,169462387,169889598,169974810,170106034,170607660,170830865,170916077,171140145,171304925,171926198,172251518,172499196,172584408,173042873,173349513,173480737,173765393,173942620,174178802,174996462,175081674,175304879,175587613,175718837,175875371,176443696,176528908,176788214,177188566,177761307,178004011,178228079,178389031,178735102,179002336,179257314,179342526,180029179,180114391,180567529,180713131,181055074,181140286,181364354,181592006,181861113,182248781,182506161,182671893,183225366,183392312,183651824,183932980,184353179,184509713,184826469,184911681,185259956,185405558,185646448,185960790,186636357,186721569,186975097,187460085,187637312,187804660,188413840,188499052,188983755},
{163792235,163937866,164207012,164372401,165124372,165280935,165458189,165739400,165870645,165955872,166649990,166963829,167222046,167428044,167605303,167833003,168057119,168222883,168881870,169168768,169635888,169721116,170148423,170233651,170364899,170866653,171089898,171175126,171399242,171564054,172185455,172510855,172758581,172843809,173302370,173609058,173740306,174025026,174202285,174438515,175256391,175341619,175564864,175847662,175978910,176135476,176703929,176789157,177048511,177448959,178021812,178264564,178488680,178649664,178995799,179263097,179518123,179603351,180290124,180375352,180828586,180974220,181316227,181401455,181625571,181853271,182122426,182510190,182767618,182933382,183486983,183653961,183913521,184194741,184615020,184771586,185088414,185173642,185521981,185667615,185908553,186222943,186898654,186983882,187237458,187722574,187899833,188067213,188676537,188761765,189246568},
{163997685,164143332,164412538,164577951,165330018,165486605,165663895,165945138,166076407,166161646,166855892,167169779,167428044,167634057,167811352,168039088,168263236,168429024,169088179,169375109,169842325,169927565,170354932,170440172,170571444,171073262,171296555,171381795,171605943,171770779,172392324,172717752,172965526,173050766,173509407,173816143,173947415,174232167,174409462,174645728,175463724,175548964,175772257,176055087,176186359,176342949,176911498,176996738,177256140,177656628,178229625,178472413,178696561,178857569,179203776,179471106,179726180,179811420,180498289,180583529,181036859,181182509,181524588,181609828,181833976,182061712,182330927,182718731,182976207,183141995,183695692,183862694,184122302,184403554,184823929,184980519,185297387,185382627,185731038,185876688,186117674,186432112,187107951,187193191,187446815,187931979,188109274,188276678,188886098,188971338,189456261},
{164174444,164320115,164589349,164754786,165506981,165663592,165840902,166122193,166253478,166338729,167033071,167347006,167605303,167811352,167988662,168216434,168440614,168606426,169265653,169552631,170019911,170105163,170532590,170617842,170749130,171251044,171474361,171559613,171783793,171948653,172570278,172895766,173143572,173228824,173687521,173994305,174125593,174410393,174587708,174824010,175642150,175727402,175950719,176233597,176364885,176521499,177090128,177175380,177434814,177835374,178408435,178651259,178875439,179036471,179382718,179650096,179905202,179990454,180677419,180762671,181216065,181361739,181703858,181789110,182013290,182241062,182510305,182898181,183155689,183321501,183875278,184042304,184301944,184583244,185003667,185160281,185477197,185562449,185910900,186056574,186297592,186612078,187287997,187373249,187626905,188112165,188289480,188456908,189066424,189151676,189636659},
{164401484,164547179,164816473,164981934,165734321,165890948,166068294,166349633,166480942,166566205,167260675,167574658,167833003,168039088,168216434,168444221,168668449,168834285,169493680,169780706,170248050,170333314,170760849,170846113,170977425,171479403,171702768,171788032,172012260,172177144,172798865,173124413,173372267,173457531,173916348,174223164,174354476,174639324,174816675,175053013,175871273,175956537,176179902,176462828,176594140,176750770,177319543,177404807,177664289,178064921,178638078,178880938,179105166,179266222,179612541,179879951,180135105,180220369,180907526,180992790,181446248,181591946,181934137,182019401,182243629,182471421,182740724,183128672,183386228,183552064,184105937,184272987,184532675,184814023,185234542,185391172,185708160,185793424,186141947,186287645,186528695,186843229,187519340,187604604,187858308,188343632,188520983,188688435,189298095,189383359,189868398},
{164624992,164770711,165040053,165205546,165958053,166114712,166292090,166573477,166704810,166790089,167484679,167798726,168057119,168263236,168440614,168668449,168892704,169058572,169718095,170005169,170472609,170557889,170985488,171070768,171202104,171704178,171927583,172012863,172237127,172402043,173023892,173349488,173597390,173682670,174141559,174448439,174579775,174864671,175042054,175278440,176096844,176182124,176405529,176688503,176819839,176976501,177545370,177630650,177890180,178290876,178864145,179107053,179331317,179492405,179838788,180106246,180361448,180446728,181133985,181219265,181672819,181818541,182160796,182246076,182470340,182698180,182967531,183355543,183613147,183779015,184332984,184500066,184759802,185041198,185461797,185618459,185935495,186020775,186369362,186515084,186756182,187070780,187746999,187832279,188086031,188571435,188748818,188916302,189526070,189611350,190096489},
{164790300,164936035,165205417,165370926,166123529,166280204,166457606,166739025,166870374,166955661,167650379,167964458,168222883,168429024,168606426,168834285,169058572,169224449,169884084,170171190,170638694,170723982,171151653,171236941,171368293,171870431,172093868,172179156,172403452,172568384,173190305,173515941,173763875,173849163,174308132,174615044,174746396,175031324,175208731,175445141,176263689,176348977,176572414,176855412,176986764,177143442,177712407,177797695,178057257,178458001,179031366,179274298,179498594,179659698,180006129,180273619,180528845,180614133,181301518,181386806,181840424,181986162,182328465,182413753,182638049,182865913,183135304,183523364,183781000,183946880,184500945,184668043,184927811,185209239,185629902,185786580,186103664,186188952,186537587,186683325,186924455,187239085,187915400,188000688,188254472,188739940,188917347,189084847,189694711,189779999,190265218},
{165447503,165593350,165862820,166028441,166781428,166938215,167115689,167397276,167528689,167614032,168309070,168623317,168881870,169088179,169265653,169493680,169718095,169884084,170543836,170831166,171298926,171384270,171812157,171897501,172028917,172531391,172754908,172840252,173064676,173229692,173851901,174177817,174425847,174511191,174970336,175277472,175408888,175694040,175871519,176108041,176927021,177012365,177235882,177519104,177650520,177807310,178376491,178461835,178721525,179122605,179696162,179939206,180163630,180324818,180671393,180939107,181194461,181279805,181967510,182052854,182506664,182652514,182994925,183080269,183304693,183532725,183802204,184190516,184448280,184614272,185168625,185335835,185595731,185877327,186298110,186454900,186772176,186857520,187206299,187352149,187593407,187908205,188584744,188670088,188923968,189409884,189587363,189754975,190365095,190450439,190935858},
{165733609,165879480,166149030,166314683,167067830,167224649,167402171,167683806,167815251,167900610,168595840,168910151,169168768,169375109,169552631,169780706,170005169,170171190,170831166,171118523,171586411,171671771,172099754,172185114,172316562,172819132,173042713,173128073,173352545,173517593,174139994,174465958,174714052,174799412,175258677,175565877,175697325,175982525,176160052,176396622,177215794,177301154,177524735,177808005,177939453,178096275,178665600,178750960,179010714,179411858,179985559,180228651,180453123,180614343,180961014,181228776,181484194,181569554,182257419,182342779,182796717,182942591,183285098,183370458,183594930,183823010,184092569,184480945,184738773,184904797,185459294,185626536,185886480,186168124,186589035,186745857,187063197,187148557,187497432,187643306,187884628,188199474,188876205,188961565,189215509,189701505,189879032,190046676,190656940,190742300,191227879},
{166199361,166345296,166614942,166780635,167534166,167691033,167868619,168150382,168281875,168367266,169062736,169377175,169635888,169842325,170019911,170248050,170472609,170638694,171298926,171586411,172054380,172139772,172567947,172653339,172784835,173287597,173511258,173596650,173821218,173986330,174608923,174935047,175183237,175268629,175728086,176035382,176166878,176452174,176629765,176866431,177685891,177771283,177994944,178278342,178409838,178566708,179136289,179221681,179481531,179882819,180456688,180699876,180924444,181085728,181432495,181700353,181955867,182041259,182729444,182814836,183268918,183414856,183757491,183842883,184067451,184295595,184565250,184953818,185211742,185377830,185932519,186099809,186359849,186641621,187062692,187219562,187537046,187622438,187971409,188117347,188358741,188673715,189350734,189436126,189690166,190176354,190353945,190521653,191132133,191217525,191703224},
{166284345,166430288,166699954,166865655,167619250,167776125,167953723,168235502,168367003,168452398,169147932,169462387,169721116,169927565,170105163,170333314,170557889,170723982,171384270,171671771,172139772,172225167,172653378,172738774,172870278,173373072,173596749,173682145,173906729,174071849,174694490,175020634,175268840,175354236,175813733,176121045,176252549,176537861,176715464,176952142,177771674,177857070,178080747,178364161,178495665,178652543,179222172,179307568,179567434,179968746,180542663,180785863,181010447,181171739,181518530,181786404,182041934,182127330,182815579,182900975,183355089,183501035,183843694,183929090,184153674,184381830,184651505,185040097,185298037,185464133,186018870,186186168,186446224,186728012,187149115,187305993,187623501,187708897,188057892,188203838,188445248,188760238,189437321,189522717,189776773,190262993,190440596,190608312,191218840,191304236,191789975},
{166710512,166856503,167126253,167292026,168045813,168202760,168380418,168662293,168793842,168879273,169574999,169889598,170148423,170354932,170532590,170760849,170985488,171151653,171812157,172099754,172567947,172653378,173081664,173167096,173298648,173801634,174025383,174110815,174335463,174500655,175123536,175449764,175698066,175783498,176243107,176550563,176682115,176967523,177145186,177381972,178201744,178287176,178510925,178794435,178925987,179082937,179652726,179738158,179998120,180399552,180973661,181216969,181441617,181602981,181949892,182217862,182473488,182558920,183247313,183332745,183787051,183933045,184275824,184361256,184585904,184814168,185083927,185472639,185730675,185896843,186451740,186619110,186879262,187161146,187582393,187739343,188056931,188142363,188491478,188637472,188878978,189194112,189871355,189956787,190210939,190697303,190874966,191042754,191653474,191738906,192224825},
{166795496,166941495,167211265,167377046,168130897,168287852,168465522,168747413,168878970,168964405,169660195,169974810,170233651,170440172,170617842,170846113,171070768,171236941,171897501,172185114,172653339,172738774,173167096,173252531,173384091,173887109,174110874,174196310,174420974,174586174,175209103,175535351,175783669,175869105,176328754,176636226,176767786,177053210,177230885,177467683,178287527,178372963,178596728,178880254,179011814,179168772,179738609,179824045,180084023,180485479,181059636,181302956,181527620,181688992,182035927,182303913,182559555,182644991,183333448,183418884,183873222,184019224,184362027,184447463,184672127,184900403,185170182,185558918,185816970,185983146,186538091,186705469,186965637,187247537,187668816,187825774,188143386,188228822,188577961,188723963,188965485,189280635,189957942,190043378,190297546,190783942,190961617,191129413,191740181,191825617,192311576},
{166926372,167072387,167342181,167507978,168261925,168418896,168596582,168878505,169010074,169095517,169791387,170106034,170364899,170571444,170749130,170977425,171202104,171368293,172028917,172316562,172784835,172870278,173298648,173384091,173515660,174018742,174242527,174327971,174552659,174717875,175340868,175667156,175915498,176000942,176460639,176768143,176899715,177185171,177362862,177599684,178419636,178505080,178728865,179012423,179143995,179300969,179870870,179956314,180216316,180617820,181192033,181435377,181660065,181821453,182168420,182436438,182692104,182777548,183466085,183551529,184005915,184151933,184494768,184580212,184804900,185033200,185303003,185691787,185949863,186116055,186671064,186838458,187098650,187380582,187801901,187958875,188276523,188361967,188711138,188857156,189098702,189413884,190091263,190176707,190430899,190917359,191095050,191262862,191873702,191959146,192445155},
{167426766,167572829,167842783,168008644,168762831,168919850,169097632,169379651,169511284,169596759,170292917,170607660,170866653,171073262,171251044,171479403,171704178,171870431,172531391,172819132,173287597,173373072,173801634,173887109,174018742,174521905,174745818,174831294,175056078,175221358,175844639,176171023,176419461,176504937,176964874,177272474,177404110,177689662,177867449,178104335,178924543,179010019,179233932,179517586,179649222,179806244,180376361,180461837,180721967,181123599,181698100,181941540,182166324,182327760,182674919,182943009,183198803,183284279,183973136,184058612,184513142,184659208,185002235,185087711,185312495,185540859,185810822,186199702,186457906,186624162,187179387,187346845,187607133,187889161,188310672,188467694,188785470,188870946,189220309,189366375,189608017,189923295,190601058,190686534,190940854,191427434,191605221,191773097,192384129,192469605,192955806},
{167649383,167795478,168065464,168231357,168985704,169142755,169320561,169602644,169734297,169819788,170516058,170830865,171089898,171296555,171474361,171702768,171927583,172093868,172754908,173042713,173511258,173596749,174025383,174110874,174242527,174745818,174969752,175055244,175280068,175445380,176068757,176395221,176643699,176729191,177189192,177496856,177628512,177914128,178091939,178328873,179149261,179234753,179458694,179742412,179874068,180031122,180601335,180686827,180946997,181348725,181923298,182166786,182391610,182553078,182900285,183168439,183424273,183509765,184198734,184284226,184738836,184884934,185228009,185313501,185538325,185766737,186036732,186425708,186683952,186850240,187405561,187573051,187833379,188115471,188537038,188694092,189011928,189097420,189446831,189592929,189834611,190149953,190827804,190913296,191167656,191654364,191832175,192000083,192611235,192696727,193182998},
{167734367,167880470,168150476,168316377,169070788,169227847,169405665,169687764,169819425,169904920,170601254,170916077,171175126,171381795,171559613,171788032,172012863,172179156,172840252,173128073,173596650,173682145,174110815,174196310,174327971,174831294,175055244,175140739,175365579,175530899,176154324,176480808,176729302,176814798,177274839,177582519,177714183,177999815,178177638,178414584,179235044,179320540,179544497,179828231,179959895,180116957,180687218,180772714,181032900,181434652,182009273,182252773,182477613,182639089,182986320,183254490,183510340,183595836,184284869,184370365,184825007,184971113,185314212,185399708,185624548,185852972,186122987,186511987,186770247,186936543,187491912,187659410,187919754,188201862,188623461,188780523,189098383,189183879,189533314,189679420,189921118,190236476,190914391,190999887,191254263,191741003,191918826,192086742,192697942,192783438,193269749},
{167957875,168104002,168374056,168539989,169294520,169451611,169629461,169911608,170043293,170128804,170825258,171140145,171399242,171605943,171783793,172012260,172237127,172403452,173064676,173352545,173821218,173906729,174335463,174420974,174552659,175056078,175280068,175365579,175590446,175755798,176379351,176705883,176954425,177039937,177500050,177807794,177939482,178225162,178403017,178640011,179460615,179546127,179770124,180053906,180185594,180342688,180913045,180998557,181258791,181660607,182235340,182478888,182703764,182865272,183212567,183480785,183736683,183822195,184511328,184596840,185051578,185197708,185540871,185626383,185851259,186079731,186349794,186738858,186997166,187163494,187718959,187886489,188146881,188429037,188850716,189007810,189325718,189411230,189760729,189906859,190148605,190464027,191142050,191227562,191481986,191968806,192146661,192314609,192925917,193011429,193497840},
{168122207,168268350,168538444,168704393,169459052,169616159,169794033,170076204,170207905,170293424,170990006,171304925,171564054,171770779,171948653,172177144,172402043,172568384,173229692,173517593,173986330,174071849,174500655,174586174,174717875,175221358,175445380,175530899,175755798,175921159,176544808,176871380,177119954,177205474,177665667,177973443,178105147,178390859,178568738,178805756,179626468,179711988,179936017,180219831,180351535,180508645,181079098,181164618,181424884,181826748,182401577,182645141,182870049,183031573,183378916,183647166,183903096,183988616,184677877,184763397,185218199,185364345,185707544,185793064,186017972,186246468,186516571,186905683,187164023,187330367,187885928,188053474,188313898,188596078,189017821,189174931,189492887,189578407,189927954,190074100,190315878,190631332,191309483,191395003,191649451,192136335,192314214,192482178,193093582,193179102,193665593},
{168741904,168888143,169158349,169324394,170079437,170236616,170414570,170696933,170828698,170914265,171611135,171926198,172185455,172392324,172570278,172798865,173023892,173190305,173851901,174139994,174608923,174694490,175123536,175209103,175340868,175844639,176068757,176154324,176379351,176544808,177168592,177495404,177744106,177829674,178290091,178598011,178729779,179015683,179193642,179430804,180251900,180337468,180561593,180845551,180977319,181134501,181705274,181790842,182051236,182453316,183028337,183272045,183497081,183658701,184006204,184274598,184530624,184616192,185305837,185391405,185846399,185992641,186336000,186421568,186646604,186875196,187145411,187534811,187793247,187959663,188515464,188683106,188943658,189226030,189647965,189805147,190123295,190208863,190558570,190704812,190946686,191262332,191940723,192026291,192280867,192768039,192945998,193114034,193725822,193811390,194298025},
{169066452,169212715,169483021,169649106,170404277,170561496,170739510,171021921,171153726,171239313,171936375,172251518,172510855,172717752,172895766,173124413,173349488,173515941,174177817,174465958,174935047,175020634,175449764,175535351,175667156,176171023,176395221,176480808,176705883,176871380,177495404,177822243,178071025,178156613,178617150,178925150,179056958,179342910,179520929,179758151,180579415,180665003,180889208,181173214,181305022,181462244,182033161,182118749,182379223,182781359,183356620,183600388,183825472,183987132,184334755,184603197,184859303,184944891,185634664,185720252,186175406,186321672,186665151,186750739,186975823,187204475,187474790,187864246,188122762,188289218,188845163,189012845,189273477,189555897,189977992,190135214,190453418,190539006,190888833,191035099,191277053,191592779,192271362,192356950,192611606,193098842,193276861,193444937,194056869,194142457,194629292},
{169313498,169459793,169730147,169896264,170651579,170808830,170986876,171269351,171401180,171486783,172184005,172499196,172758581,172965526,173143572,173372267,173597390,173763875,174425847,174714052,175183237,175268840,175698066,175783669,175915498,176419461,176643699,176729302,176954425,177119954,177744106,178071025,178319834,178405438,178866071,179174135,179305967,179591983,179770034,180007288,180828768,180914372,181138617,181422687,181554519,181711773,182282786,182368390,182628912,183031144,183606517,183850333,184075465,184237149,184584836,184853342,185109496,185195100,185885033,185970637,186425863,186572161,186915704,187001308,187226440,187455140,187725503,188115031,188373595,188540083,189096156,189263870,189524550,189807034,190229189,190386443,190704719,190790323,191140214,191286512,191528514,191844288,192523015,192608619,192863323,193350687,193528738,193696846,194308874,194394478,194881413},
{169398482,169544785,169815159,169981284,170736663,170893922,171071980,171354471,171486308,171571915,172269201,172584408,172843809,173050766,173228824,173457531,173682670,173849163,174511191,174799412,175268629,175354236,175783498,175869105,176000942,176504937,176729191,176814798,177039937,177205474,177829674,178156613,178405438,178491045,178951718,179259798,179391638,179677670,179855733,180092999,180914551,181000159,181224420,181508506,181640346,181797608,182368669,182454277,182714815,183117071,183692492,183936320,184161468,184323160,184670871,184939393,185195563,185281171,185971168,186056776,186512034,186658340,187001907,187087515,187312663,187541375,187811758,188201310,188459890,188626386,189182507,189350229,189610925,189893425,190315612,190472874,190791174,190876782,191226697,191373003,191615021,191930811,192609602,192695210,192949930,193437326,193615389,193783505,194395581,194481189,194968164},
{169855799,170002162,170272608,170438813,171194432,171351771,171529885,171812496,171944381,172030028,172727506,173042873,173302370,173509407,173687521,173916348,174141559,174308132,174970336,175258677,175728086,175813733,176243107,176328754,176460639,176964874,177189192,177274839,177500050,177665667,178290091,178617150,178866071,178951718,179412472,179720712,179852600,180138752,180316871,180554257,181376097,181461745,181686070,181970276,182102164,182259506,182830735,182916383,183177017,183579433,184155014,184398962,184624182,184785954,185133777,185402419,185658685,185744333,186434490,186520138,186975588,187121954,187465633,187551281,187776501,188005333,188275788,188665500,188924176,189090752,189647041,189814843,190075635,190358255,190780570,190937912,191256308,191341956,191691983,191838349,192080463,192396413,193075348,193160996,193415812,193903408,194081527,194249723,194862015,194947663,195434798},
{170161599,170307994,170578520,170744757,171500632,171657995,171836157,172118832,172250749,172336412,173034082,173349513,173609058,173816143,173994305,174223164,174448439,174615044,175277472,175565877,176035382,176121045,176550563,176636226,176768143,177272474,177496856,177582519,177807794,177973443,178598011,178925150,179174135,179259798,179720712,180028979,180160899,180447115,180625282,180862716,181684748,181770412,181994801,182279071,182410991,182568357,183139778,183225442,183486140,183888652,184464377,184708373,184933657,185095461,185443380,185712070,185968400,186054064,186744413,186830077,187285623,187432021,187775796,187861460,188086744,188315608,188586143,188975951,189234691,189401299,189957732,190125566,190386422,190669106,191091549,191248915,191567407,191653071,192003170,192149568,192391730,192707728,193386919,193472583,193727463,194215155,194393322,194561550,195174034,195259698,195746929},
{170292475,170438886,170709436,170875689,171631660,171789039,171967217,172249924,172381853,172467524,173165274,173480737,173740306,173947415,174125593,174354476,174579775,174746396,175408888,175697325,176166878,176252549,176682115,176767786,176899715,177404110,177628512,177714183,177939482,178105147,178729779,179056958,179305967,179391638,179852600,180160899,180292828,180579076,180757259,180994717,181816857,181902529,182126938,182411240,182543172,182700554,183272039,183357711,183618433,184020993,184596774,184840794,185066102,185227922,185575873,185844595,186100949,186186621,186877050,186962722,187418316,187564730,187908537,187994209,188219517,188448405,188718964,189108820,189367584,189534208,190090705,190258555,190519435,190802151,191224634,191382016,191700544,191786216,192136347,192282761,192524947,192840977,193520240,193605912,193860816,194348572,194526755,194694999,195307555,195393227,195880508},
{170576415,170722850,170993480,171159753,171915884,172073295,172251521,172534276,172666237,172751924,173449866,173765393,174025026,174232167,174410393,174639324,174864671,175031324,175694040,175982525,176452174,176537861,176967523,177053210,177185171,177689662,177914128,177999815,178225162,178390859,179015683,179342910,179591983,179677670,180138752,180447115,180579076,180865351,181043582,181281088,182103420,182189108,182413581,182697931,182829895,182987309,183558938,183644626,183905412,184308036,184884009,185128077,185353433,185515285,185863308,186132078,186388496,186474184,187164773,187250461,187706183,187852621,188196524,188282212,188507568,188736504,189007143,189397063,189655891,189822547,190379188,190547062,190808006,191090770,191513381,191670795,191989387,192075075,192425302,192571740,192813990,193130084,193809539,193895227,194150195,194638031,194816262,194984538,195597202,195682890,196170331},
{170753174,170899633,171170291,171336588,172092847,172250282,172428528,172711331,172843308,172929007,173627045,173942620,174202285,174409462,174587708,174816675,175042054,175208731,175871519,176160052,176629765,176715464,177145186,177230885,177362862,177867449,178091939,178177638,178403017,178568738,179193642,179520929,179770034,179855733,180316871,180625282,180757259,181043582,181221828,181459370,182281846,182367546,182592043,182876441,183008421,183165859,183737568,183823268,184084086,184486782,185062819,185306923,185532311,185694187,186042250,186311068,186567518,186653218,187343903,187429603,187885389,188031851,188375794,188461494,188686882,188915854,189186521,189576513,189835373,190002053,190558774,190726672,190987648,191270460,191693119,191850557,192169197,192254897,192605164,192751626,192993908,193310050,193989585,194075285,194330285,194818217,194996468,195164768,195777528,195863228,196350729},
{170988752,171135235,171405953,171572274,172328661,172486120,172664402,172947253,173079254,173164965,173863195,174178802,174438515,174645728,174824010,175053013,175278440,175445141,176108041,176396622,176866431,176952142,177381972,177467683,177599684,178104335,178328873,178414584,178640011,178805756,179430804,179758151,180007288,180092999,180554257,180862716,180994717,181281088,181459370,181696927,182519619,182605331,182829876,183114322,183246326,183403788,183975593,184061305,184322171,184724939,185301120,185545260,185770696,185932588,186280723,186549589,186806087,186891799,187582676,187668388,188124238,188270724,188614739,188700451,188925887,189154895,189425622,189815662,190074570,190241274,190798139,190966061,191227085,191509945,191932668,192090130,192408842,192494554,192844893,192991379,193233709,193549883,194229610,194315322,194570370,195058398,195236685,195405009,196017849,196103561,196591182},
{171804352,171950931,172221865,172388330,173145149,173302704,173481130,173764125,173896234,173982017,174680567,174996462,175256391,175463724,175642150,175871273,176096844,176263689,176927021,177215794,177685891,177771674,178201744,178287527,178419636,178924543,179149261,179235044,179460615,179626468,180251900,180579415,180828768,180914551,181376097,181684748,181816857,182103420,182281846,182519619,183342536,183428320,183653045,183937683,184069795,184227353,184799542,184885326,185146408,185549416,186125933,186370217,186595797,186757833,187106256,187375250,187631964,187717748,188408985,188494769,188950907,189097489,189441720,189527504,189753084,189982212,190253155,190643435,190902559,191069407,191626528,191794594,192055834,192338838,192761921,192919479,193238371,193324155,193674782,193821364,194063838,194380300,195060459,195146243,195401453,195889673,196068104,196236572,196849844,196935628,197423459},
{171889336,172035923,172306877,172473350,173230233,173387796,173566234,173849245,173981362,174067149,174765763,175081674,175341619,175548964,175727402,175956537,176182124,176348977,177012365,177301154,177771283,177857070,178287176,178372963,178505080,179010019,179234753,179320540,179546127,179711988,180337468,180665003,180914372,181000159,181461745,181770412,181902529,182189108,182367546,182605331,183428320,183514107,183738848,184023502,184155622,184313188,184885425,184971213,185232311,185635343,186211908,186456204,186681800,186843844,187192291,187461301,187718031,187803819,188495120,188580908,189037078,189183668,189527923,189613711,189839307,190068447,190339410,190729714,190988854,191155710,191712879,191880953,192142209,192425229,192848344,193005910,193324826,193410614,193761265,193907855,194150345,194466823,195147046,195232834,195488060,195976312,196154755,196323231,196936551,197022339,197510210},
{172111953,172258572,172529558,172696063,173453106,173610701,173789163,174072238,174204375,174290178,174988904,175304879,175564864,175772257,175950719,176179902,176405529,176572414,177235882,177524735,177994944,178080747,178510925,178596728,178728865,179233932,179458694,179544497,179770124,179936017,180561593,180889208,181138617,181224420,181686070,181994801,182126938,182413581,182592043,182829876,183653045,183738848,183963610,184248328,184380468,184538066,185110399,185196203,185457341,185860469,186437106,186681450,186907086,187069162,187417657,187686731,187943501,188029305,188720718,188806522,189262772,189409394,189753697,189839501,190065137,190294325,190565320,190955720,191214900,191381788,191939053,192107159,192368455,192651539,193074710,193232308,193551284,193637088,193987787,194134409,194376939,194693481,195373792,195459596,195714862,196203242,196381709,196550217,197163657,197249461,197737402},
